50 50
10918439
12218899
11672246
12416524
10071771
10884640
10128053
11870243
10147063
10215664
10488732
12135425
11203816
10963247
12438882
10190634
10900337
11816876
11337209
10052987
11928807
10250259
11926852
11567091
11454299
10408613
11320702
10875405
10772076
10930603
11132048
10835609
10705426
10993683
10683780
10371274
10992549
12456477
11434700
11284409
10073679
10119303
11378940
11716891
11558718
10375968
10586861
10454602
11563385
10113932
11195981
11441353
10879683
11413808
10524072
10404819
10711559
10262433
11265320
10797102
12321215
11771152
11275579
11953322
11965685
10515738
11380310
10155967
12029524
12488665
12451372
12369266
10915792
11081349
10525398
10876630
12398702
10971471
10963882
11823326
11372552
12254950
10024269
10462239
11982329
10339418
12160094
10696099
10913014
11419139
11773989
12278736
12256663
11053782
11394608
11228618
11188743
10842864
11105125
10569094
