500 50
12233722
10166995
10493859
11549421
11904630
12209830
11310732
11606476
10237774
11450730
10485562
12003071
10239587
12496347
10590677
11503219
10193788
11889267
11284003
11440232
11369100
12032243
10118020
11114734
11276257
12438800
12153868
10087126
10803871
10542877
11141785
12482280
11655373
11599652
11267413
10522961
10198863
11711725
10092459
11701007
10999793
11398198
11990252
10520417
10573038
10275679
10231099
10758323
10089732
10091137
10114090
11640239
10036038
11235591
11173082
11450962
12348692
12260302
10257761
10287046
10080602
12127551
11730782
11655568
11025265
10965665
10853989
10190153
12446549
10401354
10105056
11584211
11399095
11163648
10602502
11947625
11577862
11298983
11689160
11571402
11657622
10296049
12269249
12083203
11085075
10831347
11004623
11131418
10117098
11056032
12113144
12311903
10485783
11323366
10556496
12449459
10632808
11776545
10799185
11100469
10308593
12193361
11140949
11577529
11124550
12249284
10668009
12024679
11079055
11115568
11619503
12267026
11916452
11541612
10344549
12185663
12368444
10238235
12007658
12054844
11025069
10414715
10176588
12375147
10955393
12461412
10255719
11381350
10790542
10933793
11033519
10929444
11559460
10360433
10700508
10548011
10244230
12470331
10782633
10960055
10620308
10005253
10961886
10812546
10278454
12083984
11625161
12229181
11305716
12251704
11862599
10309745
10800687
11894919
12219291
11577840
11991470
10271279
12129846
11159807
10552299
11063340
12153136
10122395
10601013
11986614
10898827
12229223
10141698
10958539
10838980
10722601
12081062
12396199
12142245
10517194
10251299
10317638
11413545
12403827
10564738
11274522
10984681
12382048
10984624
10696037
10948981
11142061
11725126
10352587
12398736
11920595
11864489
11424620
12217241
12370357
11585378
12484917
11366156
12275388
10207517
11469575
11677172
10704009
11529129
10391460
11905961
10375288
11966848
10848701
11371417
11500316
11973905
12417779
11119998
11965724
12377756
10981513
11194119
12255568
12093107
12390883
10766747
10780007
10447062
11891412
10300198
10153568
10232111
10799011
10994498
12223887
11731001
11397807
11571205
11072565
10222651
10603556
11928274
11166507
11994728
12313141
11109089
10874388
11230276
11615170
12031872
10705531
10707576
10574782
12321223
12426189
11254656
11572108
11112013
10703193
12231683
10919453
10850653
10494311
11569002
11286119
11263589
10083326
10747198
10683487
11201945
12321789
11457903
10426556
12094731
11051085
12234361
11082987
11435792
10717750
10122247
12386600
12107158
10360393
10397464
10112279
12017120
12074017
10901543
11655805
11038839
11364837
11354073
10237287
10919851
11109136
11732800
12459069
10136880
11418626
10380450
11259398
11738667
11948549
12029718
10438301
10202220
10970076
11170199
11880137
12300593
10059216
11646522
10342505
10706727
12285350
10903664
12424543
11398006
10116991
10345757
10747941
10071005
12445759
11461975
10127031
11225109
12073096
10777552
11730748
12208466
10151711
10618041
10361828
10762428
11434808
10308730
12190209
11566829
10160210
10270018
10209033
10767531
11803443
11762104
11937705
10512272
10538472
12434567
10063917
10515833
11090739
11764630
11187278
11667919
10180389
12283452
11391379
11838831
11525909
11515431
11742657
11571718
10720538
10850049
11092663
12359964
12214235
11961203
11459948
10406926
11756261
11663991
11270287
10575032
10335640
10854914
11039347
11241371
12237869
10259329
12264716
10137371
12286962
10127516
11518899
12405609
12065199
11205740
11189345
10127144
12093072
10744597
11340148
11539256
11934622
11911380
12090993
12179001
10106988
11344958
11689016
11511627
11539991
11394153
12454623
10463052
10160149
12154466
10030793
11844351
10115395
12473210
10575805
12357022
11398314
11353354
11273933
10033426
12023118
11352016
11368534
10549137
11472507
11401863
11807814
10622824
11567169
11307241
11534528
11469743
12432528
12068870
10208879
10980411
11554916
10019682
10783840
11414176
11520357
10536975
12439344
11097347
10837822
10259423
10255904
12376602
10440405
12074266
11274603
12059848
11079009
12031841
10660503
12002554
11942983
10360886
10856540
12429560
10458200
11328976
11543201
11827720
10989871
10751845
10142847
10835372
10100242
12373817
11124566
12405081
11120148
11367971
10919079
10248108
11046353
10170330
12020111
10140921
10297261
10440634
11095445
10856060
11260060
11965591
11948298
10829273
10141401
10315094
10829239
10584036
11029311
10634475
10116372
11700504
11306916
10037383
11780479
10943448
10891538
11176663
10364412
11507199
11970614
11836215
11726325
11992931
11780807
10899461
11971126
10964863
10999902
11367083
12017040
11732098
11176476
11018287
11423090
11088440
10096709
11018371
12076045
10576158
12140891
10547140
11529689
10099773
10137789
10643674
11191606
11890013
10801856
12144645
11049754
11404594
10292058
10523024
11336991
10358933
12344155
10175429
11634040
10189182
11783798
12442033
12325814
11401047
10508700
10433831
12022317
11037217
10294268
10292229
11796670
392 35